Dilution Of CONOx
,5,10,15,20,25,30,35,40,45,50,55,60,65,70,75,80,85,90,95,
10%,5.756530016462945,10.463152453672368,14.773493835879199,18.82648974883769,22.68812531905489,26.39726493399783,29.97958887911025,33.45334918066129,36.83219286710869,40.12671274184217,43.34537106135121,46.495084392474524,49.58161212081213,52.609824703445845,55.583894889616495,58.50743772729441,61.38361543583019,64.21521752093567,67.00472303419807
20%,2.8782650082314727,5.231576226836184,7.3867469179395995,9.413244874418845,11.344062659527445,13.198632466998914,14.989794439555125,16.726674590330646,18.416096433554344,20.063356370921085,21.672685530675604,23.247542196237262,24.790806060406066,26.304912351722923,27.791947444808248,29.253718863647205,30.691807717915093,32.10760876046783,33.50236151709903
30%,1.9188433388209816,3.487717484557456,4.924497945293066,6.275496582945896,7.562708439684965,8.799088311332609,9.993196293036751,11.151116393553764,12.277397622369561,13.37557091394739,14.448457020450402,15.498361464158174,16.52720404027071,17.53660823448195,18.527964963205495,19.50247924243147,20.461205145276725,21.405072506978556,22.33490767806602
40%,1.4391325041157363,2.615788113418092,3.6933734589697997,4.706622437209423,5.672031329763723,6.599316233499457,7.494897219777562,8.363337295165323,9.208048216777172,10.031678185460542,10.836342765337802,11.623771098118631,12.395403030203033,13.152456175861461,13.895973722404124,14.626859431823602,15.345903858957547,16.053804380233917,16.751180758549516
50%,1.151306003292589,2.0926304907344733,2.95469876717584,3.765297949767538,4.537625063810978,5.279452986799566,5.9959177758220505,6.690669836132257,7.366438573421736,8.025342548368434,8.66907421227024,9.299016878494907,9.916322424162425,10.52196494068917,11.116778977923298,11.701487545458882,12.276723087166037,12.843043504187133,13.40094460683961
60%,0.9594216694104908,1.743858742278728,2.462248972646533,3.137748291472948,3.7813542198424823,4.399544155666304,4.996598146518376,5.575558196776882,6.1386988111847804,6.687785456973695,7.224228510225201,7.749180732079087,8.263602020135355,8.768304117240975,9.263982481602747,9.751239621215735,10.230602572638363,10.702536253489278,11.16745383903301
70%,0.8223614309232778,1.4947360648103383,2.110499119411314,2.6894985355482413,3.241160759864984,3.7710378477139757,4.282798411301465,4.779049882951613,5.261741838158383,5.732387534548881,6.192195865907315,6.642154913210647,7.083087445830304,7.515689243349407,7.940556412802355,8.358205389613486,8.769087919404312,9.173602502990809,9.572103290599722
80%,0.7195662520578682,1.307894056709046,1.8466867294848999,2.3533112186047114,2.8360156648818613,3.2996581167497285,3.747448609888781,4.181668647582661,4.604024108388586,5.015839092730271,5.418171382668901,5.8118855490593155,6.1977015151015165,6.576228087930731,6.947986861202062,7.313429715911801,7.672951929478773,8.026902190116958,8.375590379274758
90%,0.6396144462736605,1.1625724948524854,1.6414993150976886,2.091832194315299,2.520902813228321,2.9330294371108696,3.3310654310122505,3.7170387978512545,4.092465874123187,4.458523637982464,4.8161523401501345,5.166120488052725,5.50906801342357,5.8455360781606505,6.175988321068498,6.500826414143824,6.820401715092243,7.135024168992852,7.444969226022007

Dilution Of Dust
,5,10,15,20,25,30,35,40,45,50,55,60,65,70,75,80,85,90,95,
10%,-1.2845753705028484,-3.619058320259219,-6.349822325018183,-9.337931799025483,-12.517401615774075,-15.849367387796935,-19.308148829650296,-22.875493915065057,-26.537755615583464,-30.284341127815765,-34.10678819527252,-37.998180251114995,-41.95275790974318,-45.96565071407526,-50.03268591487043,-54.15024846415829,-58.31517614258831,-62.52467944444863,-66.77627931815202
20%,-0.6422876852514242,-1.8095291601296095,-3.1749111625090913,-4.668965899512742,-6.258700807887037,-7.9246836938984675,-9.654074414825148,-11.437746957532529,-13.268877807791732,-15.142170563907882,-17.05339409763626,-18.999090125557498,-20.97637895487159,-22.98282535703763,-25.016342957435214,-27.075124232079144,-29.157588071294153,-31.262339722224315,-33.38813965907601
30%,-0.4281917901676161,-1.2063527734197395,-2.116607441672728,-3.112643933008494,-4.172467205258026,-5.283122462598978,-6.436049609883432,-7.6251646383550185,-8.84591853852782,-10.094780375938589,-11.368929398424171,-12.666060083704998,-13.98425263658106,-15.32188357135842,-16.677561971623476,-18.050082821386095,-19.438392047529433,-20.841559814816208,-22.258759772717337
40%,-0.3211438426257121,-0.9047645800648048,-1.5874555812545457,-2.334482949756371,-3.1293504039435187,-3.9623418469492337,-4.827037207412574,-5.718873478766264,-6.634438903895866,-7.571085281953941,-8.52669704881813,-9.499545062778749,-10.488189477435794,-11.491412678518815,-12.508171478717607,-13.537562116039572,-14.578794035647077,-15.631169861112157,-16.694069829538005
50%,-0.25691507410056963,-0.7238116640518437,-1.2699644650036366,-1.8675863598050964,-2.5034803231548155,-3.1698734775593866,-3.8616297659300596,-4.5750987830130105,-5.307551123116692,-6.056868225563153,-6.821357639054503,-7.599636050222999,-8.390551581948635,-9.193130142815052,-10.006537182974085,-10.830049692831658,-11.66303522851766,-12.504935888889724,-13.355255863630402
60%,-0.21409589508380805,-0.6031763867098697,-1.058303720836364,-1.556321966504247,-2.086233602629013,-2.641561231299489,-3.218024804941716,-3.8125823191775092,-4.42295926926391,-5.047390187969294,-5.684464699212086,-6.333030041852499,-6.99212631829053,-7.66094178567921,-8.338780985811738,-9.025041410693047,-9.719196023764717,-10.420779907408104,-11.129379886358668
70%,-0.18351076721469262,-0.5170083314656027,-0.9071174750025975,-1.3339902570036404,-1.7882002308248677,-2.264195341113848,-2.758306975664328,-3.2679277021521504,-3.791107945083352,-4.326334446830823,-4.87239831361036,-5.428311464445,-5.993251129963311,-6.56652153058218,-7.147526559267204,-7.73574978059404,-8.330739448941186,-8.93209706349266,-9.539468474021715
80%,-0.16057192131285605,-0.4523822900324024,-0.7937277906272728,-1.1672414748781854,-1.5646752019717594,-1.9811709234746169,-2.413518603706287,-2.859436739383132,-3.317219451947933,-3.7855426409769706,-4.263348524409065,-4.749772531389374,-5.244094738717897,-5.745706339259407,-6.254085739358803,-6.768781058019786,-7.289397017823538,-7.815584930556079,-8.347034914769003
90%,-0.1427305967225387,-0.40211759113991324,-0.7055358138909092,-1.037547977669498,-1.3908224017526751,-1.761040820866326,-2.1453498699611444,-2.5417215461183393,-2.9486395128426066,-3.364926791979529,-3.7896431328080578,-4.222020027901666,-4.661417545527019,-5.10729452378614,-5.559187323874492,-6.016694273795365,-6.479464015843146,-6.947186604938736,-7.41958659090578
